1023
1021
1015
1006
984
965
943
917
873
840
805
768
708
666
623
579
512
467
423
380
316
276
237
201
151
121
93
69
40
25
13
5
1
3
9
18
40
59
81
107
151
184
219
256
316
358
401
445
512
557
601
644
708
748
787
823
873
903
931
955
984
999
1011
1019
1023
1021
1015
1006
984
965
943
917
873
840
805
768
708
666
623
579
512
467
423
380
316
276
237
201
151
121
93
69
40
25
13
5
1
3
9
18
40
59
81
107
151
184
219
256
316
358
401
445
512
557
601
644
708
748
787
823
873
903
931
955
984
999
1011
1019
1023
1021
1015
1006
984
965
943
917
873
840
805
768
708
666
623
579
512
467
423
380
316
276
237
201
151
121
93
69
40
25
13
5
1
3
9
18
40
59
81
107
151
184
219
256
316
358
401
445
512
557
601
644
708
748
787
823
873
903
931
955
984
999
1011
1019
1023
1021
1015
1006
984
965
943
917
873
840
805
768
708
666
623
579
512
467
423
380
316
276
237
201
151
121
93
69
40
25
13
5
1
3
9
18
40
59
81
107
151
184
219
256
316
358
401
445
512
557
601
644
708
748
787
823
873
903
931
955
984
999
1011
1019
1023
1021
1015
1006
984
965
943
917
873
840
805
768
708
666
623
579
512
467
423
380
316
276
237
201
151
121
93
69
40
25
13
5
1
3
9
18
40
59
81
107
151
184
219
256
316
358
401
445
512
557
601
644
708
748
787
823
873
903
931
955
984
999
1011
1019
1023
1021
1015
1006
984
965
943
917
873
840
805
768
708
666
623
579
512
467
423
380
316
276
237
201
151
121
93
69
40
25
13
5
1
3
9
18
40
59
81
107
151
184
219
256
316
358
401
445
512
557
601
644
708
748
787
823
873
903
931
955
984
999
1011
1019
1023
1021
1015
1006
984
965
943
917
873
840
805
768
708
666
623
579
512
467
423
380
316
276
237
201
151
121
93
69
40
25
13
5
1
3
9
18
40
59
81
107
151
184
219
256
316
358
401
445
512
557
601
644
708
748
787
823
873
903
931
955
984
999
1011
1019
1023
1021
1015
1006
984
965
943
917
873
840
805
768
708
666
623
579
512
467
423
380
316
276
237
201
151
121
93
69
40
25
13
5
1
3
9
18
40
59
81
107
151
184
219
256
316
358
401
445
512
557
601
644
708
748
787
823
873
903
931
955
984
999
1011
1019
