1022
1020
1014
991
997
981
962
914
924
897
866
797
811
774
735
652
668
625
582
493
510
466
422
336
352
311
270
196
210
175
143
87
97
73
51
20
25
13
5
0
0
2
8
31
25
41
60
109
98
126
157
226
212
249
288
372
355
398
442
530
513
557
601
687
671
712
753
827
813
848
880
936
926
950
971
1003
998
1009
1017
1022
1022
1020
1014
990
996
980
961
912
923
895
864
795
809
772
733
649
666
623
579
490
508
464
419
333
350
309
268
194
208
173
141
86
96
71
50
19
24
12
5
0
0
2
8
32
26
42
62
111
100
128
159
228
214
251
290
374
357
400
444
533
515
560
604
690
673
715
755
829
815
849
882
937
927
951
972
1003
998
1010
1018
1022
1022
1020
1013
990
995
979
960
911
922
893
862
793
807
770
730
647
664
621
577
488
506
461
417
331
348
306
266
192
206
172
140
84
94
70
49
18
23
12
4
1
0
2
9
33
27
43
63
112
101
129
160
230
216
253
293
376
359
402
446
535
517
562
606
692
675
717
757
831
817
851
883
938
928
952
973
1004
999
1010
1018
1021
1022
1019
1013
989
995
979
959
909
920
892
861
791
805
768
728
645
662
619
575
486
503
459
415
329
346
304
264
190
204
170
138
83
93
69
48
18
23
11
4
1
0
3
9
34
28
44
64
113
103
131
162
232
218
255
295
378
361
404
448
537
520
564
608
694
677
719
759
833
819
853
885
940
930
954
974
1005
1000
1011
1018
1021
1022
1019
1013
988
994
978
958
908
919
890
859
789
803
766
726
643
660
616
572
483
501
457
413
327
344
302
262
189
202
168
136
82
92
68
47
17
22
11
4
1
0
3
10
35
28
45
65
115
104
132
164
234
219
257
297
381
364
407
451
540
522
567
611
696
680
721
761
834
820
855
886
941
931
955
975
1005
1000
1011
1019
1021
1022
1019
1012
987
993
977
957
906
917
889
857
787
802
764
724
640
657
614
570
481
499
454
410
325
341
300
260
187
201
166
135
81
90
67
46
16
21
10
3
1
0
3
10
35
29
46
66
116
105
134
166
236
221
259
299
383
366
409
453
542
524
569
613
698
682
723
763
836
822
856
888
942
932
956
976
1006
1001
1012
1019
1021
1022
1019
1012
986
992
976
955
905
916
887
856
785
800
762
722
638
655
612
568
479
496
452
408
323
339
298
258
185
199
165
133
79